x10 = [10,2.6978e-07,2.9816e-07,2.3564e-07,2.101e-07,4.306e-08,1.2498e-07;
50,8.6146e-07,9.399e-07,2.8916e-07,1.07868e-06,6.312e-08,4.8938e-07;
100,8.525e-07,4.1176e-07,2.5382e-07,1.73712e-06,5.572e-08,8.2644e-07;
1000,4.5962e-07,3.1758e-07,2.3866e-07,1.27761e-05,3.858e-08,6.3526e-06;
10000,3.5274e-07,3.3562e-07,2.6964e-07,0.000130914,3.49e-08,6.32579e-05;
100000,5.838e-07,4.149e-07,4.3828e-07,0.001525,6.368e-08,0.000746409];
