x10= [10,8.0346e-07,8.556e-07,8.3464e-07,7.0424e-07,2.5566e-07,4.4088e-07;
50,8.5384e-07,1.1759e-06,1.14418e-06,3.13154e-06,2.0686e-07,1.51906e-06;
100,8.7522e-07,3.5364e-07,3.0998e-07,1.71016e-06,6.08e-08,8.33e-07;
1000,8.215e-07,3.4586e-07,2.4222e-07,1.23999e-05,6.344e-08,6.26354e-06;
10000,3.4502e-07,3.6696e-07,3.6896e-07,0.000134666,5.216e-08,6.33964e-05;
100000,5.8474e-07,4.4964e-07,4.8006e-07,0.00152513,1.0676e-07,0.000713789];
