x10= [10,7.3858e-07,8.3266e-07,8.168e-07,3.7088e-07,4.3004e-07,3.6172e-07;
50,7.7686e-07,1.00306e-06,9.16e-07,4.9898e-07,5.9734e-07,4.322e-07;
100,8.4432e-07,3.9742e-07,2.846e-07,1.5818e-07,2.2626e-07,1.5694e-07;
1000,4.2278e-07,3.1272e-07,2.4808e-07,1.6642e-07,2.1102e-07,1.4228e-07;
10000,3.3812e-07,3.6614e-07,3.1724e-07,2.513e-07,2.7602e-07,2.415e-07;
100000,8.0494e-07,4.546e-07,4.894e-07,4.3954e-07,4.323e-07,3.9758e-07;]
