x10= [10,6.1148e-07,6.9424e-07,5.978e-07,1.0868e-07,2.508e-07,4.0576e-07;
50, 3.9522e-07,3.352e-07,2.6994e-07,3.698e-08,9.892e-08,4.9282e-07;
100, 8.4742e-07,1.03058e-06,8.302e-07,1.066e-07,2.7256e-07,2.5929e-06;
1000,1.04714e-06,3.7334e-07,2.8072e-07,3.326e-08,7.686e-08,6.48774e-06;
10000,4.2044e-07,3.6154e-07,3.534e-07,3.99e-08,1.0386e-07,7.93221e-05;
100000,7.1292e-07,5.4242e-07,5.2354e-07,4.782e-08,1.211e-07,0.000993882];
