x10= [10,5.8326e-07
1.12832e-06
5.2129e-06
4.49368e-06
7.358e-08

50,8.3944e-07
5.34488e-06
3.3583e-05
2.13935e-05
7.748e-08

100,9.1156e-07
1.16129e-05
8.14859e-05
4.20279e-05
7.914e-08

1000,2.01432e-06
0.000105256
0.000986746
0.000103955
7.684e-08

10000,2.5652e-06
0.001122
0.0130043
9.78504e-05
1.5844e-07

50000,4.16786e-06
0.00543497
0.0704793
0.000102909
2.1396e-07

100000,3.90216e-06
0.0104134
0.148395
0.000110799
2.1144e-07
