x10= [10,7.6e-07,3.2e-07,1.791e-06,4.4e-07,2.05e-07,1.56e-07,2.26e-07,3.04e-07,2.33e-07,2.72e-07,1.894e-06,9.45e-07,3.22e-07,2.07e-07,2.35e-07,2.48e-07,4.51e-07,2.94e-07;
50,7.28e-07,4.14e-07,1.631e-06,1.114e-06,1.48e-07,2.33e-07,4.78e-07,5.84e-07,5.43e-07,5.68e-07,3.817e-06,4.121e-06,3.25e-07,2.16e-07,4.36e-07,4.54e-07,8.88e-07,4.63e-07;
100,1.276e-06,6.41e-07,1.915e-06,1.908e-06,2.91e-07,2e-07,5.58e-07,8.08e-07,9.29e-07,9.63e-07,4.602e-06,7.958e-06,3.55e-07,2.23e-07,6e-07,6.38e-07,1.346e-06,6.63e-07;
1000,4.356e-06,7.887e-06,1.2043e-05,2.7489e-05,1.716e-06,1.088e-06,5.723e-06,8.712e-06,1.3795e-05,1.3821e-05,0.000102382,0.000116091,3.52e-06,4.65e-07,5.543e-06,4.23e-06,8.856e-06,4.155e-06;
10000,1.6577e-05,3.382e-05,3.3639e-05,0.000149056,8.711e-06,5.663e-06,2.3036e-05,3.8551e-05,0.000223557,8.0231e-05,0.000337086,0.00161925,2.4761e-05,2.389e-06,3.716e-05,3.6351e-05,0.00010384,3.9081e-05;
100000,0.000148168,0.000310776,0.000241342,0.00156017,8.6446e-05,5.5498e-05,0.000227936,0.000380911,0.0107981,0.000886154,0.00308297,0.0373634,0.000281138,3.8437e-05,0.000368943,0.000360255,0.00250708,0.00041953];