x10= [10,8.602e-06,7.043e-06,4.466e-06,4.54e-07,4.8e-08,0,0,0,0,0,0,0,2.062e-06,1.466e-06,3.198e-06,3.016e-06,3.386e-06,7.96e-07;
50,6.139e-06,9.841e-06,2.0063e-05,4.89e-07,4.3e-08,0,0,0,0,0,0,0,6.124e-06,5.095e-06,4.758e-06,4.823e-06,1.4743e-05,4.737e-06;
100,6.194e-06,4.199e-06,3.0256e-05,4.8e-07,4.4e-08,0,0,0,0,0,0,0,1.3401e-05,9.568e-06,6.542e-06,6.566e-06,3.0214e-05,1.0052e-05;
1000,1.4615e-05,0.00011722,0.000301456,9.02e-07,1.1e-07,0,0,0,0,0,0,0,0.000168032,0.00010699,4.0472e-05,9.0362e-05,0.000450793,9.5124e-05;
10000,8.6147e-05,0.00425317,0.00345817,1.014e-06,1.31e-07,0,0,0,0,0,0,0,0.00133546,0.00139268,0.00296131,0.00249328,0.00368494,0.0026468;
100000,0.000175774,0.000160116,0.0467202,1.208e-06,1.09e-07,0,0,0,0,0,0,0,0.0336921,0.038594,0.0168518,0.0201891,0.103579,0.0177917];
