x10= [10,1.927e-06,5.851e-06,3.839e-06,6.93e-07,6.972e-06,0,0,0,0,0,0,0,2.351e-06,1.629e-06,3.207e-06,3.305e-06,4.348e-06,2.957e-06;
50,4.562e-06,0.000123232,2.1563e-05,5.1e-06,2.7128e-05,0,0,0,0,0,0,0,7.682e-06,5.852e-06,9.03e-06,8.928e-06,1.9803e-05,1.5135e-05;
100,3.632e-06,0.000113546,4.6034e-05,6.33e-07,1.5377e-05,0,0,0,0,0,0,0,1.6669e-05,1.9703e-05,1.9267e-05,1.8875e-05,6.2542e-05,5.0437e-05;
1000,4.178e-06,8.4006e-05,6.8755e-05,1.162e-06,5.5084e-05,0,0,0,0,0,0,0,0.000143964,9.2388e-05,0.000298996,5.7688e-05,0.000330841,0.000274753;
10000,3.993e-06,0.00730278,6.7582e-05,1.028e-06,0.00029644,0,0,0,0,0,0,0,0.00151327,0.00167792,0.00571556,0.00052878,0.00831754,0.00324759;
100000,6.11e-06,0.000172523,7.1942e-05,1.246e-06,0.000626173,0,0,0,0,0,0,0,0.0152771,0.0314576,0.0215883,0.0133879,0.0973256,0.0952737];
