x10= [10,1.035e-06,4.75e-07,1.678e-06,2.09e-07,1e-07,1.03e-07,2.47e-07,5.57e-07,3.76e-07,3.7e-07,1.871e-06,1.168e-06,7.2e-07,4.74e-07,3.77e-07,3.21e-07,7.44e-07,4.62e-07;
50,1.254e-06,1.057e-06,1.379e-06,2.21e-07,1.53e-07,1.38e-07,3.81e-07,1.295e-06,9.06e-07,8.81e-07,4.51e-06,6.308e-06,7.63e-07,5.4e-07,9.15e-07,9.34e-07,2.076e-06,1.221e-06;
100,1.31e-06,1.612e-06,1.99e-06,2e-07,1.83e-07,1.61e-07,5.05e-07,1.736e-06,1.458e-06,1.464e-06,7.014e-06,1.192e-05,7.37e-07,5.18e-07,1.399e-06,1.507e-06,3.471e-06,2.057e-06;
1000,4.639e-06,1.1964e-05,1.59e-06,1.97e-07,1.004e-06,6.56e-07,2.598e-06,1.2473e-05,1.1996e-05,1.2043e-05,5.7159e-05,0.00014739,3.298e-06,5.8e-07,1.2356e-05,2.3856e-05,3.395e-05,2.702e-05;
10000,3.6175e-05,0.000117264,8.442e-06,2.71e-07,9.408e-06,6.064e-06,2.5181e-05,0.000131468,0.000162335,0.000127042,0.00061706,0.0024058,2.3762e-05,2.748e-06,0.000120385,0.000123444,0.000332972,0.000170813;
100000,0.000324079,0.00123621,3.3919e-05,2.92e-07,8.6342e-05,5.5478e-05,0.000231138,0.00135004,0.00118091,0.00122053,0.00565295,0.0624226,0.00030327,5.9924e-05,0.00119423,0.00871447,0.0104004,0.00174166];

