x10= [10,8.83e-07,5.73e-07,4.75e-07,4.26e-07,2.527e-06,1.59e-07,4.8e-07,7.78e-07,4.8e-07,1.14e-06,2.406e-06,1.809e-06,1.233e-06,1.149e-06,5e-07,5.52e-07,9.4e-07,7.44e-07;
50,1.158e-06,1.29e-06,5.08e-07,4.2e-07,2.698e-06,1.9e-07,9.98e-07,1.76e-06,1.149e-06,1.882e-06,6.296e-06,9.183e-06,1.681e-06,1.172e-06,1.461e-06,1.413e-06,2.404e-06,1.855e-06;
100,1.533e-06,2.32e-06,6.42e-07,5.35e-07,6.9923e-05,3.33e-07,1.702e-06,2.981e-06,2.096e-06,2.599e-06,1.0795e-05,2.0391e-05,2.362e-06,1.294e-06,2.423e-06,2.761e-06,4.569e-06,3.489e-06;
1000,7.087e-06,1.7992e-05,2.475e-06,5.46e-07,7.184e-06,8.13e-07,1.161e-05,2.3271e-05,1.8156e-05,1.8128e-05,0.000124467,0.000270853,1.5231e-05,2.758e-06,2.217e-05,2.2371e-05,3.8023e-05,2.8538e-05;
10000,6.891e-05,0.000190006,2.2334e-05,7.12e-07,5.1199e-05,6.874e-06,0.000120688,0.000243854,0.000189869,0.000177393,0.00790188,0.00840121,0.000175812,1.6015e-05,0.000216648,0.000220209,0.000383161,0.000290169;
100000,0.000637683,0.00754555,0.000254863,8.71e-07,0.00983113,6.842e-05,0.00159609,0.00343497,0.00222446,0.00215289,0.0418639,0.0845932,0.00142947,0.000155805,0.00277993,0.00263452,0.00411384,0.0100268];