x10= [10,6.83e-07,4.31e-07,4.73e-07,1.737e-06,1.97e-07,1.14e-07,3.19e-07,3.87e-07,3.56e-07,5.97e-07,4.6e-08,7.976e-06,1.439e-06,6.06e-07,3.05e-07,4.86e-07,8.29e-07,4.84e-07;
50,1.054e-06,7.89e-07,1.039e-06,1.174e-06,2.5e-07,1.63e-07,4.69e-07,8.24e-07,9.05e-07,1.642e-06,4.9e-08,1.735e-05,7.805e-06,1.157e-06,8.5e-07,9.43e-07,2.221e-06,9.13e-07;
100,1.147e-06,1.184e-06,1.478e-06,1.142e-06,3.8e-07,2.14e-07,6.42e-07,1.412e-06,1.464e-06,2.691e-06,4.2e-08,2.8209e-05,1.1842e-05,1.722e-06,1.612e-06,1.274e-06,3.44e-06,1.371e-06;
1000,1.1467e-05,0.000762992,2.1649e-05,3.125e-06,4.482e-06,2.61e-06,7.83e-06,1.7431e-05,2.1846e-05,4.317e-05,8.5e-08,0.000464945,0.000170024,2.4714e-05,1.7208e-05,1.7326e-05,5.3809e-05,5.7489e-05;
10000,4.418e-05,8.557e-05,0.000111286,1.651e-06,2.3798e-05,1.3632e-05,4.0667e-05,9.305e-05,0.000118983,0.000869256,4.7e-08,0.00282877,0.000969422,0.000130479,9.3429e-05,9.2414e-05,0.000291512,0.000113523;
100000,0.000441057,0.000867104,0.00131182,8.097e-06,0.000316179,0.000138898,0.000409287,0.000959616,0.00129621,0.00833727,4.5e-08,0.0629451,0.0130816,0.00134957,0.00107521,0.000928682,0.0129427,0.00123025];