x10= [10,8.1942e-07,1.15614e-06,4.12466e-06,4.04002e-06,7.31e-08;
50,1.00342e-06,5.4128e-06,3.10382e-05,2.10202e-05,7.556e-08;
100,1.07262e-06,1.19147e-05,6.43108e-05,4.06451e-05,7.132e-08;
1000,1.7682e-06,0.000107387,0.000893362,0.000398984,7.572e-08;
10000,2.70466e-06,0.00105302,0.0115983,0.00385149,1.013e-07;
50000,4.32898e-06,0.0054296,0.0646409,0.0201673,1.1424e-07;
100000,4.17722e-06,0.0105737,0.134325,0.0395946,1.1726e-07];

