x10=[10,5.7994e-07,1.24922e-06,4.93772e-06,4.09882e-06,7.3904e-08;
50,8.4776e-07,6.0249e-06,3.31021e-05,2.16259e-05,7.39e-08;
100,9.4332e-07,1.08852e-05,7.41584e-05,4.24133e-05,7.38e-08;
1000,1.47736e-06,0.00010654,0.000988857,0.000398655,8.244e-08;
10000,3.36522e-06,0.00111965,0.0127491,0.00426625,1.0962e-07;
50000,5.51752e-06,0.00538031,0.0719655,0.020681,1.6777e-07;
100000,5.60002e-06,0.010323,0.151931,0.0416535,1.9758e-07];
