x10= [10,8.4181e-08,8.67082e-08,8.59041e-08,1.04508e-07,1.03752e-07,8.29119e-08;
50,8.86352e-08,8.46301e-08,8.35111e-08,1.03023e-07,1.02664e-07,8.1041e-08;
100,8.4015e-08,8.52079e-08,8.6641e-08,1.02915e-07,1.01898e-07,8.06611e-08;
1000,8.8906e-08,8.7134e-08,8.6042e-08,1.01289e-07,1.02576e-07,8.07781e-08;
10000,8.69572e-08,8.40089e-08,8.4216e-08,1.03233e-07,1.02603e-07,8.17301e-08;
100000,8.51789e-08,8.37432e-08,8.89549e-08,1.02566e-07,1.02742e-07,8.04971e-08;
1000000,8.54109e-08,8.42799e-08,8.94409e-08,1.02873e-07,1.02475e-07,8.04011e-08];