x10= [10,3.68195e-07,1.54955e-07,1.29644e-07,3.506e-08,7.34058e-08,5.62699e-08;
50,1.97769e-07,1.22878e-07,1.1522e-07,2.9772e-08,2.00296e-07,1.09428e-07;
100,1.58454e-07,1.27853e-07,1.07997e-07,2.5681e-08,3.25376e-07,1.79316e-07;
1000,1.15478e-07,1.061e-07,1.05351e-07,3.90909e-08,3.10742e-06,1.52653e-06;
10000,1.09873e-07,1.3322e-07,1.32193e-07,4.02829e-08,3.04894e-05,1.49878e-05;
100000,1.35229e-07,1.49071e-07,1.50376e-07,4.09829e-08,0.000309122,0.000151915;
1000000,2.64744e-07,4.46742e-07,4.03394e-07,4.4519e-08,0.00349465,0.00173434];