x10= [10,8.5084e-08,8.48319e-08,9.05459e-08,4.05248e-08,4.41922e-08,2.80161e-08;
50,8.69641e-08,8.3602e-08,8.7696e-08,4.03727e-08,4.45332e-08,3.01721e-08;
100,8.73088e-08,8.4874e-08,9.2676e-08,4.44098e-08,4.81672e-08,3.4008e-08;
1000,1.05245e-07,9.64531e-08,1.19455e-07,6.33197e-08,7.45467e-08,4.2517e-08;
10000,1.70839e-07,1.12669e-07,2.44952e-07,8.3225e-08,8.53979e-08,5.4591e-08;
100000,4.30558e-07,1.40157e-07,5.21499e-07,5.2379e-07,2.53448e-07,8.9088e-08;
1000000,6.1098e-07,1.8629e-07,3.34335e-06,5.5481e-07,1.8576e-07,1.1107e-07];