x10= [10,7.791e-07,3.9951e-07,6.4468e-07,7.45301e-08,8.76e-08,7.02801e-08;
50,9.8019e-07,5.4438e-07,6.9314e-07,7.42701e-08,8.718e-08,7.24601e-08;
100,4.3564e-07,2.4494e-07,3.9315e-07,4.039e-08,4.958e-08,3.954e-08;
1000,5.7073e-07,3.2397e-07,4.678e-07,4.024e-08,5.074e-08,4.08e-08;
10000,2.89769e-06,2.43176e-06,3.02533e-06,4.655e-08,5.557e-08,4.267e-08;
100000,3.50032e-05,0.000190168,4.37935e-05,6.734e-08,8.555e-08,6.137e-08;
1000000,0.00104521,0.000784629,0.000741252,3.9209e-07,2.156e-07,2.8836e-07];