x10= [10,1.1923e-07,4.578e-08,3.912e-07,4.267e-08,4.576e-08,8.907e-08;
50,1.1121e-07,4.364e-08,3.638e-07,4.171e-08,4.601e-08,8.883e-08;
100,1.1195e-07,4.286e-08,3.6183e-07,4.333e-08,4.917e-08,8.966e-08;
1000,1.4095e-07,4.589e-08,1.55604e-06,4.901e-08,5.05e-08,1.4309e-07;
10000,1.4377e-07,5.223e-08,2.99179e-05,6.523e-08,7.582e-08,1.7886e-07;
100000,6.2419e-07,1.4892e-07,0.000107578,1.1279e-07,1.482e-07,2.8874e-07;
1000000,1.95513e-06,2.4465e-07,0.00125304,2.554e-07,3.3977e-07,8.292e-07];