x10= [10,9.6946e-07
1.16488e-06
4.4212e-06
4.5022e-06
1.16416e-06

50,1.00626e-06
5.44654e-06
3.25868e-05
2.05236e-05
5.45432e-06

100,1.10784e-06
1.15174e-05
7.21304e-05
4.1212e-05
1.16456e-05

1000,7.8912e-07
0.000112181
0.00076391
0.000414097
0.000107501

10000,9.888e-07
0.00115151
0.00906987
0.00408694
0.00102855

50000,1.4658e-06
0.00667579
0.0573672
0.0229591
0.00668171

100000,1.76052e-06
0.0153383
0.133279
0.0500879
0.0151292
