x10= [10,1.9711e-05,6.32e-07,7.79e-07,7.71e-07;
50,4.4011e-05,4.17e-07,1.209e-06,1.656e-06;
100,0.000103651,5.08e-07,3.348e-06,3.288e-06;
500,0.000469442,3.77e-07,1.8175e-05,8.219e-06;
1000,0.000920149,4.24e-07,2.3317e-05,3.063e-05;
5000,0.00375024,7.97e-07,6.3676e-05,9.4733e-05;
10000,0.00937595,7.71e-07,0.00022737,0.000314773;
50000,0.0225716,6.53e-07,0.00064312,0.00100627;
100000,0.0488046,6.43e-07,0.00120958,0.00189486];