x10= [10,1.7847e-05,3.89e-07,3.54e-07,4.08e-07;
      50,5.2634e-05,4.01e-07,2.068e-06,2.249e-06;
      100,9.3732e-05,4.43e-07,1.865e-06,1.918e-06;
      500,0.000346769,2.55e-07,8.128e-06,2.1948e-05;
      1000,0.000853485,3.17e-07,3.2604e-05,3.2478e-05;
      5000,0.00493042,5.48e-07,0.000113209,0.000166201;
      10000,0.00684308,4.71e-07,0.00012413,0.00020016;
      50000,0.0256295,4.89e-07,0.000587247,0.000953195;
      100000,0.0479449,9.53e-07,0.00169738,0.00190694];